T	M_avg	M_err	E_avg	E_err	Cv	Cv_err	Chi	Chi_err
0.500	1.000000	0.000000	-8191.999023	0.001600	0.000006	0.000012	0.000000	0.000000
0.607	0.999995	0.000002	-8191.919434	0.015999	0.000424	0.000083	0.000000	0.000000
0.715	0.999972	0.000004	-8191.546875	0.038424	0.001764	0.000163	0.000000	0.000000
0.822	0.999876	0.000009	-8189.979492	0.081462	0.005994	0.000299	0.000000	0.000000
0.929	0.999613	0.000015	-8185.751953	0.142433	0.014337	0.000506	0.000000	0.000000
1.037	0.999030	0.000025	-8176.479492	0.228623	0.029685	0.000975	0.000000	0.000000
1.144	0.997886	0.000038	-8158.622559	0.336506	0.052810	0.001627	0.000000	0.000000
1.251	0.995990	0.000054	-8129.567383	0.460553	0.082679	0.002438	0.000000	0.000000
1.359	0.992937	0.000075	-8083.978027	0.618806	0.126609	0.003683	0.000000	0.000000
1.466	0.988334	0.000100	-8017.414551	0.794433	0.179236	0.005292	0.000000	0.000000
1.573	0.981625	0.000131	-7924.863770	0.991070	0.242185	0.006975	0.000000	0.000000
1.681	0.972129	0.000173	-7800.915039	1.209548	0.316128	0.009248	0.000000	0.000000
1.788	0.958742	0.000237	-7637.625000	1.493711	0.425969	0.012177	0.000000	0.000000
1.895	0.939326	0.000321	-7421.592773	1.789594	0.544149	0.015312	0.000000	0.000000
2.003	0.911134	0.000453	-7144.698242	2.144225	0.699687	0.019635	0.000000	0.000000
2.110	0.860489	0.000898	-6761.415039	2.722885	1.016422	0.029439	0.000000	0.000000
2.114	0.860941	0.000890	-6756.302734	2.657073	0.963961	0.027352	0.000000	0.000000
2.119	0.856056	0.000966	-6728.712402	2.864547	1.115850	0.032439	0.000000	0.000000
2.123	0.856315	0.000799	-6719.107422	2.664006	0.961189	0.026245	0.000000	0.000000
2.127	0.852059	0.000875	-6693.842773	2.770277	1.035221	0.028744	0.000000	0.000000
2.131	0.851412	0.000874	-6685.875000	2.807183	1.058717	0.030662	0.000000	0.000000
2.136	0.846674	0.000970	-6659.979980	2.886417	1.114839	0.032676	0.000000	0.000000
2.140	0.838206	0.001198	-6622.172852	3.048795	1.238822	0.035442	0.000000	0.000000
2.144	0.838524	0.001047	-6614.866211	2.953303	1.157793	0.033131	0.000000	0.000000
2.149	0.835100	0.001038	-6593.315430	2.905010	1.115773	0.031162	0.000000	0.000000
2.153	0.838860	0.000975	-6596.488770	2.905427	1.111654	0.031356	0.000000	0.000000
2.157	0.831982	0.001051	-6562.265137	2.963122	1.151652	0.032835	0.000000	0.000000
2.161	0.826601	0.001162	-6541.933594	3.006774	1.181136	0.032650	0.000000	0.000000
2.166	0.822694	0.001123	-6512.472168	3.045081	1.206634	0.034090	0.000000	0.000000
2.170	0.822217	0.001158	-6511.507324	3.015343	1.178512	0.033163	0.000000	0.000000
2.174	0.813648	0.001179	-6468.633789	3.103204	1.243276	0.035358	0.000000	0.000000
2.179	0.806657	0.001549	-6442.595703	3.391167	1.478886	0.040765	0.000000	0.000000
2.183	0.801840	0.001348	-6414.165039	3.167458	1.285142	0.036838	0.000000	0.000000
2.187	0.800789	0.001717	-6418.957031	3.146200	1.262986	0.036605	0.000000	0.000000
2.191	0.806043	0.001157	-6400.568359	3.085831	1.210235	0.033212	0.000000	0.000000
2.196	0.796694	0.001446	-6369.593750	3.276354	1.358970	0.040586	0.000000	0.000000
2.200	0.781471	0.001610	-6325.447754	3.371853	1.433745	0.040289	0.000000	0.000000
2.204	0.767748	0.002331	-6292.042969	3.752905	1.769210	0.049767	0.000001	0.000000
2.209	0.768236	0.001852	-6271.008301	3.529464	1.558743	0.045262	0.000000	0.000000
2.213	0.755240	0.002481	-6243.460938	3.693697	1.700575	0.046256	0.000001	0.000000
2.217	0.777546	0.001313	-6261.521484	3.241181	1.304366	0.037175	0.000000	0.000000
2.221	0.765143	0.001552	-6222.561523	3.258315	1.313111	0.035845	0.000000	0.000000
2.226	0.728691	0.003326	-6165.074219	3.742823	1.725996	0.049069	0.000001	0.000000
2.230	0.741182	0.002425	-6151.703613	3.694268	1.675048	0.047094	0.000001	0.000000
2.234	0.757080	0.001781	-6168.245605	3.432207	1.440289	0.041365	0.000000	0.000000
2.239	0.721641	0.002845	-6093.715332	3.741324	1.704861	0.050747	0.000001	0.000000
2.243	0.555875	0.007622	-5933.138672	4.603786	2.571622	0.068183	0.000005	0.000000
2.247	0.700604	0.002845	-6029.027832	3.768464	1.716515	0.046640	0.000001	0.000000
2.251	0.691341	0.002729	-5998.877441	3.905421	1.836535	0.051018	0.000001	0.000000
2.256	0.681521	0.002973	-5965.390625	3.940353	1.862439	0.053660	0.000001	0.000000
2.260	0.628156	0.003963	-5888.069824	4.223296	2.131406	0.056237	0.000001	0.000000
2.264	0.621592	0.005135	-5876.081055	3.964819	1.871390	0.050673	0.000002	0.000000
2.269	0.369176	0.017625	-5837.354492	4.067620	1.962257	0.055347	0.000028	0.000000
2.273	0.638210	0.003679	-5836.084961	4.036897	1.925445	0.052180	0.000001	0.000000
2.277	0.493367	0.006120	-5676.324707	4.290340	2.166621	0.057552	0.000003	0.000000
2.281	0.314527	0.010447	-5613.506348	4.201406	2.069929	0.057336	0.000010	0.000000
2.286	0.616497	0.003908	-5764.830566	3.927418	1.801982	0.048421	0.000001	0.000000
2.290	0.542489	0.004398	-5655.170410	3.964028	1.828869	0.048157	0.000002	0.000000
2.294	0.490930	0.005874	-5609.561035	4.294831	2.138835	0.060709	0.000003	0.000000
2.299	0.136984	0.014712	-5550.983398	3.969921	1.820656	0.050379	0.000019	0.000000
2.303	0.234905	0.013283	-5503.815430	3.958155	1.803149	0.051028	0.000016	0.000000
2.307	0.011172	0.014882	-5477.229980	3.978553	1.815020	0.051734	0.000020	0.000000
2.311	0.032597	0.013167	-5421.791504	4.193974	2.009420	0.058220	0.000015	0.000000
2.316	0.324910	0.007018	-5402.510742	3.903802	1.734546	0.049380	0.000004	0.000000
2.320	0.146497	0.011957	-5363.179688	3.920545	1.742998	0.050796	0.000013	0.000000
2.324	0.209973	0.007851	-5343.284668	3.452644	1.346804	0.037974	0.000005	0.000000
2.329	0.215218	0.010124	-5326.066406	4.297776	2.079162	0.056764	0.000009	0.000000
2.333	0.174036	0.009785	-5292.385254	3.814684	1.632003	0.051303	0.000008	0.000000
2.337	0.127530	0.011237	-5293.844727	3.996091	1.784351	0.049106	0.000011	0.000000
2.341	0.075516	0.009277	-5222.448730	3.286216	1.202293	0.034544	0.000007	0.000000
2.346	0.145638	0.010863	-5258.056641	3.695540	1.514906	0.042400	0.000010	0.000000
2.350	0.058356	0.011429	-5217.405273	3.757656	1.560552	0.042140	0.000011	0.000000
2.354	0.111222	0.009375	-5179.810547	3.658535	1.473928	0.040595	0.000008	0.000000
2.359	0.090604	0.009284	-5153.636230	3.391964	1.262363	0.034999	0.000007	0.000000
2.363	0.133762	0.007818	-5115.598145	3.557385	1.383461	0.038836	0.000005	0.000000
2.367	0.131266	0.007465	-5083.548828	3.559178	1.379846	0.042538	0.000005	0.000000
2.371	0.184234	0.006908	-5078.133301	3.647757	1.444148	0.044061	0.000004	0.000000
2.376	0.021212	0.007125	-5031.253418	3.297894	1.176156	0.033907	0.000004	0.000000
2.380	0.028721	0.007395	-5019.703613	3.382584	1.232887	0.036543	0.000005	0.000000
2.384	0.033734	0.006422	-4982.598145	3.214826	1.109631	0.031191	0.000004	0.000000
2.389	0.112430	0.007094	-4997.978027	3.541541	1.341801	0.041016	0.000004	0.000000
2.393	0.002571	0.007622	-4961.399414	3.316089	1.172192	0.035847	0.000005	0.000000
2.397	0.061727	0.005555	-4934.493164	3.204273	1.090564	0.030727	0.000003	0.000000
2.401	0.052959	0.007658	-4944.237793	3.327934	1.172168	0.033535	0.000005	0.000000
2.406	0.010426	0.005594	-4896.912109	3.061935	0.988744	0.028390	0.000003	0.000000
2.410	0.019460	0.007691	-4896.354980	3.330192	1.165425	0.033823	0.000005	0.000000
2.524	0.016729	0.003930	-4450.587402	2.851645	0.779363	0.021298	0.000001	0.000000
2.637	0.015393	0.003242	-4110.655273	2.824172	0.699995	0.019983	0.000001	0.000000
2.751	0.004861	0.002538	-3834.289551	2.667144	0.573828	0.016297	0.000000	0.000000
2.864	0.001524	0.002093	-3584.609131	2.494560	0.462951	0.013059	0.000000	0.000000
2.978	0.000127	0.001920	-3383.691162	2.494422	0.428265	0.012279	0.000000	0.000000
3.091	0.000388	0.001746	-3205.098389	2.377151	0.360890	0.009962	0.000000	0.000000
3.205	0.001654	0.001531	-3045.194336	2.315622	0.318610	0.008808	0.000000	0.000000
3.319	0.001653	0.001487	-2904.179688	2.300473	0.293300	0.007995	0.000000	0.000000
3.432	0.000078	0.001376	-2776.230469	2.268473	0.266635	0.007587	0.000000	0.000000
3.546	0.000644	0.001334	-2658.877686	2.214637	0.238110	0.006723	0.000000	0.000000
3.659	0.001988	0.001227	-2554.177246	2.179833	0.216588	0.006192	0.000000	0.000000
3.773	0.000889	0.001173	-2453.331543	2.185336	0.204775	0.005750	0.000000	0.000000
3.886	0.000412	0.001170	-2362.939209	2.150315	0.186846	0.005244	0.000000	0.000000
4.000	0.000953	0.001106	-2280.902100	2.121781	0.171736	0.004909	0.000000	0.000000
