T	M_avg	M_err	E_avg	E_err	Cv	Cv_err	Chi	Chi_err
0.500	1.000000	0.000000	-32767.992188	0.005057	0.000016	0.000010	-0.000000	0.000000
0.607	0.999996	0.000001	-32767.732422	0.029386	0.000357	0.000041	0.000000	0.000000
0.715	0.999973	0.000002	-32766.222656	0.075352	0.001696	0.000082	0.000000	0.000000
0.822	0.999878	0.000004	-32760.052734	0.158400	0.005666	0.000201	0.000000	0.000000
0.929	0.999615	0.000008	-32743.150391	0.282784	0.014128	0.000418	0.000000	0.000000
1.037	0.999021	0.000012	-32705.351562	0.447913	0.028486	0.000839	0.000000	0.000000
1.144	0.997889	0.000019	-32634.457031	0.671009	0.052496	0.001501	0.000000	0.000000
1.251	0.995985	0.000027	-32517.746094	0.910589	0.080801	0.002320	0.000000	0.000000
1.359	0.992930	0.000037	-32335.597656	1.238637	0.126818	0.003535	0.000000	0.000000
1.466	0.988355	0.000050	-32071.253906	1.603283	0.182504	0.005178	0.000000	0.000000
1.573	0.981707	0.000067	-31703.000000	2.005269	0.247870	0.007041	0.000000	0.000000
1.681	0.972299	0.000088	-31210.021484	2.475158	0.330950	0.009397	0.000000	0.000000
1.788	0.958624	0.000120	-30545.300781	3.047539	0.443286	0.012781	0.000000	0.000000
1.895	0.939339	0.000164	-29690.343750	3.601818	0.551052	0.015677	0.000000	0.000000
2.003	0.910482	0.000239	-28566.404297	4.378844	0.729494	0.020658	0.000000	0.000000
2.110	0.863256	0.000386	-27079.185547	5.272182	0.952656	0.026717	0.000000	0.000000
2.114	0.860209	0.000397	-26986.064453	5.352342	0.977868	0.027811	0.000000	0.000000
2.119	0.859493	0.000415	-26954.810547	5.371397	0.980863	0.029048	0.000000	0.000000
2.123	0.856129	0.000418	-26872.460938	5.431232	0.998792	0.028151	0.000000	0.000000
2.127	0.853549	0.000441	-26803.707031	5.595119	1.055712	0.029370	0.000000	0.000000
2.131	0.849027	0.000466	-26699.750000	5.698499	1.090685	0.030777	0.000000	0.000000
2.136	0.847292	0.000436	-26639.111328	5.540815	1.027025	0.028831	0.000000	0.000000
2.140	0.845309	0.000453	-26565.484375	5.678160	1.074256	0.030099	0.000000	0.000000
2.144	0.841185	0.000488	-26489.244141	5.775658	1.107026	0.031491	0.000000	0.000000
2.149	0.837229	0.000496	-26410.937500	5.800182	1.111997	0.032074	0.000000	0.000000
2.153	0.832557	0.000600	-26319.578125	6.044671	1.202915	0.033658	0.000000	0.000000
2.157	0.830549	0.000567	-26259.703125	5.998193	1.179786	0.032814	0.000000	0.000000
2.161	0.824974	0.000565	-26141.251953	6.026731	1.186320	0.032166	0.000000	0.000000
2.166	0.818487	0.000670	-26033.824219	6.119665	1.218353	0.034618	0.000000	0.000000
2.170	0.819480	0.000617	-26001.089844	6.111792	1.210424	0.035125	0.000000	0.000000
2.174	0.818397	0.000583	-25940.427734	6.061984	1.186087	0.033458	0.000000	0.000000
2.179	0.803555	0.000849	-25774.738281	6.095297	1.194445	0.034034	0.000000	0.000000
2.183	0.802554	0.000779	-25694.052734	6.560052	1.378111	0.038492	0.000000	0.000000
2.187	0.799598	0.000732	-25608.191406	6.522899	1.357210	0.038126	0.000000	0.000000
2.191	0.794898	0.000813	-25522.533203	6.639935	1.400855	0.040214	0.000000	0.000000
2.196	0.785884	0.000928	-25397.859375	6.568835	1.365668	0.037131	0.000000	0.000000
2.200	0.787534	0.000702	-25351.257812	6.399115	1.290965	0.036218	0.000000	0.000000
2.204	0.767700	0.001552	-25200.228516	7.226436	1.639958	0.045566	0.000000	0.000000
2.209	0.772261	0.000931	-25118.095703	7.205358	1.624083	0.047307	0.000000	0.000000
2.213	0.771752	0.000765	-25067.492188	6.481122	1.308922	0.035931	0.000000	0.000000
2.217	0.761613	0.001111	-24950.457031	6.940525	1.495262	0.043113	0.000000	0.000000
2.221	0.753501	0.000928	-24819.099609	6.882211	1.464574	0.040637	0.000000	0.000000
2.226	0.730280	0.001354	-24650.207031	7.035625	1.524708	0.041833	0.000000	0.000000
2.230	0.750356	0.000993	-24672.496094	7.029939	1.516399	0.042391	0.000000	0.000000
2.234	0.736135	0.001070	-24514.187500	7.213434	1.590474	0.044233	0.000000	0.000000
2.239	0.727232	0.001213	-24419.675781	7.223297	1.588726	0.045368	0.000000	0.000000
2.243	0.717665	0.001212	-24260.882812	7.290317	1.612166	0.044258	0.000000	0.000000
2.247	0.681022	0.001730	-24034.255859	7.885440	1.878930	0.051319	0.000000	0.000000
2.251	0.646612	0.002293	-23870.964844	7.589527	1.733936	0.049377	0.000000	0.000000
2.256	0.665516	0.002173	-23830.111328	8.041911	1.939414	0.056399	0.000000	0.000000
2.260	0.657674	0.001886	-23698.451172	8.140739	1.979843	0.054291	0.000000	0.000000
2.264	0.653290	0.002145	-23609.410156	8.407363	2.103668	0.060369	0.000000	0.000000
2.269	0.618880	0.002239	-23366.878906	8.862975	2.329025	0.063029	0.000000	0.000000
2.273	0.567043	0.002708	-23119.044922	8.585701	2.177345	0.060734	0.000000	0.000000
2.277	0.521424	0.003841	-22999.289062	9.271386	2.529466	0.070327	0.000000	0.000000
2.281	0.340674	0.005683	-22527.607422	9.096443	2.425769	0.063409	0.000001	0.000000
2.286	0.085951	0.005316	-22250.876953	7.561438	1.669879	0.045921	0.000001	0.000000
2.290	0.458034	0.003127	-22555.687500	8.385860	2.046183	0.056801	0.000000	0.000000
2.294	0.262396	0.006126	-22207.003906	7.963104	1.838188	0.052707	0.000001	0.000000
2.299	0.192834	0.004950	-21931.449219	8.163963	1.924891	0.052494	0.000001	0.000000
2.303	0.242551	0.004138	-21961.951172	8.064671	1.871369	0.057134	0.000000	0.000000
2.307	0.270399	0.006498	-21872.060547	7.898745	1.788493	0.050572	0.000001	0.000000
2.311	0.269415	0.006854	-21842.916016	8.379204	2.005232	0.063253	0.000001	0.000000
2.316	0.084094	0.006265	-21496.904297	7.392154	1.554863	0.044174	0.000001	0.000000
2.320	0.145871	0.004857	-21436.318359	7.199906	1.469595	0.040368	0.000001	0.000000
2.324	0.050217	0.005357	-21335.125000	6.790828	1.302526	0.036067	0.000001	0.000000
2.329	0.010687	0.004225	-21211.500000	7.068863	1.406177	0.038672	0.000000	0.000000
2.333	0.028526	0.006141	-21130.373047	6.982776	1.367099	0.038557	0.000001	0.000000
2.337	0.060945	0.006079	-21063.289062	7.057016	1.391207	0.039627	0.000001	0.000000
2.341	0.090399	0.003507	-20892.248047	7.023691	1.373058	0.039299	0.000000	0.000000
2.346	0.085950	0.004335	-20774.515625	6.985746	1.353304	0.038401	0.000000	0.000000
2.350	0.035998	0.004951	-20721.304688	6.837992	1.291938	0.036514	0.000001	0.000000
2.354	0.117625	0.004700	-20699.355469	7.061268	1.372673	0.040252	0.000000	0.000000
2.359	0.083846	0.003842	-20562.968750	6.817465	1.274876	0.036677	0.000000	0.000000
2.363	0.016119	0.003676	-20422.087891	6.667258	1.214898	0.034307	0.000000	0.000000
2.367	0.037463	0.002845	-20353.156250	6.771043	1.248482	0.034767	0.000000	0.000000
2.371	0.020390	0.003823	-20270.667969	6.935648	1.305191	0.035419	0.000000	0.000000
2.376	0.062052	0.002928	-20190.333984	6.572715	1.167942	0.032186	0.000000	0.000000
2.380	0.022410	0.003117	-20077.910156	6.566308	1.161472	0.034641	0.000000	0.000000
2.384	0.009950	0.003483	-20030.341797	6.748322	1.222348	0.033323	0.000000	0.000000
2.389	0.032495	0.003231	-19954.511719	6.628312	1.175031	0.033470	0.000000	0.000000
2.393	0.012058	0.003059	-19855.156250	6.466623	1.114401	0.031290	0.000000	0.000000
2.397	0.008077	0.003468	-19743.439453	6.256740	1.039509	0.029167	0.000000	0.000000
2.401	0.007161	0.003011	-19706.841797	6.352252	1.067668	0.030812	0.000000	0.000000
2.406	0.040292	0.003590	-19628.589844	6.470738	1.103925	0.031552	0.000000	0.000000
2.410	0.035457	0.003288	-19522.183594	6.243012	1.023940	0.028760	0.000000	0.000000
2.524	0.012574	0.001738	-17815.359375	5.843660	0.818199	0.023551	0.000000	0.000000
2.637	0.008605	0.001460	-16436.613281	5.513375	0.666942	0.018923	0.000000	0.000000
2.751	0.002197	0.001188	-15297.274414	5.112221	0.527046	0.015032	0.000000	0.000000
2.864	0.000349	0.001038	-14370.010742	5.033254	0.471178	0.013108	0.000000	0.000000
2.978	0.000106	0.000935	-13531.137695	4.867024	0.407605	0.011418	0.000000	0.000000
3.091	0.000739	0.000849	-12817.995117	4.684777	0.350412	0.009850	0.000000	0.000000
3.205	0.000734	0.000788	-12173.443359	4.727138	0.331941	0.009540	0.000000	0.000000
3.319	0.002258	0.000747	-11612.673828	4.592918	0.292277	0.008344	0.000000	0.000000
3.432	0.000571	0.000687	-11107.088867	4.472781	0.259146	0.007563	0.000000	0.000000
3.546	0.000031	0.000654	-10633.654297	4.430192	0.238209	0.006837	0.000000	0.000000
3.659	0.000418	0.000628	-10203.695312	4.338487	0.214488	0.006036	0.000000	0.000000
3.773	0.000564	0.000606	-9820.743164	4.306350	0.198792	0.005625	0.000000	0.000000
3.886	0.000365	0.000576	-9454.015625	4.269945	0.184189	0.005179	0.000000	0.000000
4.000	0.000145	0.000557	-9131.124023	4.198666	0.168121	0.004838	0.000000	0.000000
