T	M_avg	M_err	E_avg	E_err	Cv	Cv_err	Chi	Chi_err
0.500	1.000000	0.000000	-8191.997559	0.002771	0.000019	0.000022	0.000000	0.000000
0.607	0.999996	0.000001	-8191.940918	0.013713	0.000311	0.000072	0.000000	0.000000
0.715	0.999973	0.000004	-8191.563477	0.037440	0.001675	0.000150	0.000000	0.000000
0.822	0.999877	0.000009	-8190.012207	0.080227	0.005814	0.000288	0.000000	0.000000
0.929	0.999621	0.000015	-8185.871094	0.141920	0.014234	0.000505	0.000000	0.000000
1.037	0.999038	0.000025	-8176.594238	0.225981	0.029003	0.000929	0.000000	0.000000
1.144	0.997922	0.000037	-8159.065430	0.331575	0.051273	0.001559	0.000000	0.000000
1.251	0.996008	0.000054	-8129.750977	0.465012	0.084287	0.002449	0.000000	0.000000
1.359	0.992962	0.000075	-8084.315430	0.625658	0.129428	0.003681	0.000000	0.000000
1.466	0.988360	0.000099	-8017.891113	0.790316	0.177384	0.004991	0.000000	0.000000
1.573	0.981787	0.000131	-7927.241211	0.983830	0.238659	0.006993	0.000000	0.000000
1.681	0.972241	0.000175	-7801.460938	1.222534	0.322953	0.009110	0.000000	0.000000
1.788	0.958696	0.000234	-7637.049316	1.481647	0.419117	0.011845	0.000000	0.000000
1.895	0.939252	0.000323	-7421.383789	1.815467	0.559997	0.016331	0.000000	0.000000
2.003	0.911254	0.000445	-7145.110840	2.133688	0.692827	0.019550	0.000000	0.000000
2.110	0.864622	0.000787	-6772.749023	2.703092	1.001698	0.029490	0.000000	0.000000
2.114	0.862038	0.000786	-6755.454590	2.650126	0.958928	0.028481	0.000000	0.000000
2.119	0.855770	0.000849	-6725.049805	2.727852	1.011895	0.027564	0.000000	0.000000
2.123	0.852734	0.000967	-6710.038574	2.772278	1.040907	0.029993	0.000000	0.000000
2.127	0.856341	0.000786	-6708.768555	2.717718	0.996312	0.027664	0.000000	0.000000
2.131	0.851351	0.000816	-6680.266113	2.758491	1.022308	0.028844	0.000000	0.000000
2.136	0.836779	0.001706	-6642.297852	2.964463	1.175941	0.033947	0.000000	0.000000
2.140	0.844840	0.000900	-6636.752930	2.878737	1.104476	0.030484	0.000000	0.000000
2.144	0.837044	0.001115	-6613.211426	2.922845	1.134034	0.032642	0.000000	0.000000
2.149	0.834307	0.001115	-6593.680176	2.895393	1.108397	0.031998	0.000000	0.000000
2.153	0.838065	0.000912	-6593.069824	2.838749	1.061215	0.030930	0.000000	0.000000
2.157	0.822144	0.001510	-6544.719238	3.063676	1.231141	0.034273	0.000000	0.000000
2.161	0.820825	0.001198	-6524.130859	2.999522	1.175445	0.033380	0.000000	0.000000
2.166	0.821560	0.001161	-6508.495117	3.013346	1.181614	0.034860	0.000000	0.000000
2.170	0.819288	0.001047	-6494.771484	2.979203	1.150432	0.032803	0.000000	0.000000
2.174	0.812738	0.001194	-6469.099609	3.056877	1.206432	0.033464	0.000000	0.000000
2.179	0.810460	0.001254	-6455.485840	3.077191	1.217714	0.035017	0.000000	0.000000
2.183	0.801109	0.001522	-6419.574219	3.295640	1.391263	0.039255	0.000000	0.000000
2.187	0.769335	0.003272	-6363.463867	3.629657	1.680958	0.052554	0.000001	0.000000
2.191	0.794211	0.001412	-6372.619629	3.232220	1.327784	0.038041	0.000000	0.000000
2.196	0.795218	0.001326	-6362.952148	3.227428	1.318686	0.036384	0.000000	0.000000
2.200	0.792573	0.001541	-6346.368652	3.408651	1.465210	0.044673	0.000000	0.000000
2.204	0.760042	0.002397	-6275.946777	3.577224	1.607447	0.048891	0.000001	0.000000
2.209	0.764822	0.002866	-6285.838379	3.662642	1.678596	0.046813	0.000001	0.000000
2.213	0.775497	0.001512	-6270.764648	3.319961	1.373850	0.038179	0.000000	0.000000
2.217	0.758779	0.002218	-6228.665527	3.658951	1.662287	0.047178	0.000000	0.000000
2.221	0.750867	0.002113	-6201.427246	3.448467	1.470847	0.042377	0.000000	0.000000
2.226	0.751275	0.002070	-6183.695312	3.528615	1.534086	0.041444	0.000000	0.000000
2.230	0.728641	0.002537	-6135.333984	3.691873	1.672877	0.045620	0.000001	0.000000
2.234	0.735870	0.001973	-6126.976562	3.621391	1.603443	0.044507	0.000000	0.000000
2.239	0.717379	0.002363	-6083.675781	3.699692	1.667130	0.045427	0.000001	0.000000
2.243	0.701075	0.002905	-6043.174316	3.863551	1.811132	0.048512	0.000001	0.000000
2.247	0.626027	0.005803	-5955.930664	4.515675	2.464700	0.065339	0.000003	0.000000
2.251	0.633521	0.004077	-5932.312988	3.686516	1.636425	0.045764	0.000002	0.000000
2.256	0.518951	0.013363	-5915.179199	4.589046	2.526136	0.073899	0.000016	0.000000
2.260	0.675643	0.003006	-5935.547363	3.961599	1.875444	0.052565	0.000001	0.000000
2.264	0.556091	0.006916	-5824.211914	4.727815	2.660961	0.068279	0.000004	0.000000
2.269	0.346205	0.009690	-5650.060547	4.240761	2.132862	0.059933	0.000008	0.000000
2.273	0.012623	0.021776	-5830.690918	4.276030	2.160315	0.062733	0.000042	0.000000
2.277	0.645096	0.002990	-5832.248535	4.027207	1.909007	0.053968	0.000001	0.000000
2.281	0.513925	0.005467	-5671.765137	4.195725	2.064336	0.056677	0.000003	0.000000
2.286	0.524518	0.005602	-5671.678223	4.166706	2.028251	0.055885	0.000003	0.000000
2.290	0.098684	0.014197	-5566.558594	4.629123	2.494058	0.069690	0.000018	0.000000
2.294	0.268099	0.009253	-5523.455566	4.242103	2.086640	0.055982	0.000008	0.000000
2.299	0.235781	0.010386	-5505.552246	4.223325	2.060502	0.059376	0.000010	0.000000
2.303	0.106302	0.015087	-5506.611816	4.652387	2.491138	0.061685	0.000020	0.000000
2.307	0.107302	0.011427	-5428.762695	4.014108	1.847605	0.049445	0.000012	0.000000
2.311	0.354797	0.009154	-5470.059082	4.231417	2.045459	0.056350	0.000007	0.000000
2.316	0.068773	0.011795	-5367.655762	3.775823	1.622681	0.047530	0.000012	0.000000
2.320	0.164520	0.013594	-5410.362793	4.087097	1.894235	0.054345	0.000016	0.000000
2.324	0.011291	0.011606	-5356.490234	3.750174	1.588927	0.047730	0.000012	0.000000
2.329	0.064200	0.010013	-5302.524414	3.631793	1.484715	0.044130	0.000009	0.000000
2.333	0.098599	0.010083	-5279.170410	3.880512	1.688814	0.052029	0.000009	0.000000
2.337	0.109622	0.011485	-5284.483398	3.953501	1.746519	0.046568	0.000011	0.000000
2.341	0.131954	0.008145	-5215.510254	3.580243	1.427064	0.041059	0.000006	0.000000
2.346	0.180081	0.008235	-5229.589355	3.560663	1.406344	0.041507	0.000006	0.000000
2.350	0.188203	0.007156	-5191.316406	3.474639	1.334331	0.037461	0.000004	0.000000
2.354	0.005711	0.009678	-5173.761230	3.789485	1.581329	0.049622	0.000008	0.000000
2.359	0.096365	0.007888	-5146.575684	3.359745	1.238496	0.036274	0.000005	0.000000
2.363	0.020167	0.008382	-5123.999023	3.505356	1.343289	0.038621	0.000006	0.000000
2.367	0.169781	0.007001	-5099.842285	3.593835	1.406848	0.039232	0.000004	0.000000
2.371	0.045922	0.007591	-5073.771484	3.340711	1.211261	0.034472	0.000005	0.000000
2.376	0.009612	0.007951	-5060.721191	3.298530	1.176610	0.032614	0.000005	0.000000
2.380	0.041077	0.006215	-5028.150879	3.331445	1.195891	0.034139	0.000003	0.000000
2.384	0.048384	0.008051	-5013.122559	3.519803	1.330148	0.037112	0.000006	0.000000
2.389	0.033132	0.007298	-4992.930176	3.206559	1.099973	0.031307	0.000005	0.000000
2.393	0.026215	0.007021	-4974.380859	3.350635	1.196742	0.035382	0.000004	0.000000
2.397	0.006855	0.005835	-4933.824707	3.202160	1.089126	0.030801	0.000003	0.000000
2.401	0.091740	0.005861	-4916.437500	3.200564	1.084161	0.031233	0.000003	0.000000
2.406	0.002247	0.005199	-4905.037598	3.275212	1.131282	0.032094	0.000002	0.000000
2.410	0.030922	0.005670	-4867.536133	3.123115	1.024995	0.028292	0.000003	0.000000
2.524	0.017943	0.003875	-4446.516602	2.878684	0.794213	0.022714	0.000001	0.000000
2.637	0.001502	0.003065	-4110.104004	2.765035	0.670987	0.018883	0.000001	0.000000
2.751	0.004224	0.002440	-3824.954834	2.575764	0.535182	0.014827	0.000000	0.000000
2.864	0.003763	0.002101	-3586.929932	2.545708	0.482130	0.014026	0.000000	0.000000
2.978	0.001910	0.001868	-3380.315674	2.456339	0.415287	0.012215	0.000000	0.000000
3.091	0.002294	0.001745	-3204.604736	2.399983	0.367856	0.010347	0.000000	0.000000
3.205	0.000468	0.001537	-3045.677490	2.298178	0.313828	0.008795	0.000000	0.000000
3.319	0.000612	0.001485	-2902.174316	2.312555	0.296389	0.008351	0.000000	0.000000
3.432	0.000065	0.001385	-2775.676025	2.306535	0.275657	0.007700	0.000000	0.000000
3.546	0.000830	0.001350	-2657.660889	2.220907	0.239460	0.006743	0.000000	0.000000
3.659	0.000469	0.001220	-2550.696777	2.179330	0.216488	0.006142	0.000000	0.000000
3.773	0.000538	0.001214	-2457.014404	2.158350	0.199748	0.005645	0.000000	0.000000
3.886	0.001154	0.001131	-2366.624512	2.139296	0.184936	0.005257	0.000000	0.000000
4.000	0.000496	0.001123	-2282.220459	2.096747	0.167707	0.004768	0.000000	0.000000
