T	M_avg	M_err	E_avg	E_err	Cv	Cv_err	Chi	Chi_err
0.500	1.000000	0.000000	-32767.990234	0.005765	0.000020	0.000011	-0.000000	0.000000
0.607	0.999997	0.000001	-32767.773438	0.026951	0.000300	0.000036	0.000000	0.000000
0.715	0.999972	0.000002	-32766.146484	0.078301	0.001832	0.000104	0.000000	0.000000
0.822	0.999878	0.000004	-32760.078125	0.159194	0.005723	0.000200	0.000000	0.000000
0.929	0.999612	0.000008	-32742.935547	0.287722	0.014626	0.000444	0.000000	0.000000
1.037	0.999026	0.000012	-32705.658203	0.446074	0.028252	0.000828	0.000000	0.000000
1.144	0.997902	0.000019	-32635.275391	0.676868	0.053417	0.001505	0.000000	0.000000
1.251	0.995998	0.000027	-32518.462891	0.933955	0.085001	0.002362	0.000000	0.000000
1.359	0.992947	0.000037	-32336.345703	1.233635	0.125796	0.003469	0.000000	0.000000
1.466	0.988435	0.000050	-32075.419922	1.574881	0.176095	0.004900	0.000000	0.000000
1.573	0.981657	0.000066	-31701.109375	1.980729	0.241840	0.006762	0.000000	0.000000
1.681	0.972138	0.000089	-31204.343750	2.470124	0.329605	0.009100	0.000000	0.000000
1.788	0.958512	0.000120	-30541.753906	3.018736	0.434946	0.012113	0.000000	0.000000
1.895	0.939315	0.000159	-29688.962891	3.597249	0.549654	0.015498	0.000000	0.000000
2.003	0.910386	0.000242	-28572.728516	4.296515	0.702321	0.019961	0.000000	0.000000
2.110	0.863010	0.000428	-27072.875000	5.477787	1.028408	0.029747	0.000000	0.000000
2.114	0.860229	0.000426	-26997.767578	5.381378	0.988507	0.027926	0.000000	0.000000
2.119	0.854872	0.000463	-26886.636719	5.667919	1.092147	0.031712	0.000000	0.000000
2.123	0.856270	0.000445	-26866.728516	5.507262	1.026952	0.029833	0.000000	0.000000
2.127	0.851154	0.000466	-26763.886719	5.641012	1.073101	0.030551	0.000000	0.000000
2.131	0.849565	0.000460	-26709.558594	5.480630	1.008880	0.028014	0.000000	0.000000
2.136	0.847957	0.000445	-26651.193359	5.709612	1.090554	0.030472	0.000000	0.000000
2.140	0.843108	0.000472	-26550.869141	5.680530	1.075153	0.032169	0.000000	0.000000
2.144	0.838993	0.000561	-26476.880859	5.880581	1.147612	0.034213	0.000000	0.000000
2.149	0.837257	0.000487	-26402.246094	5.606138	1.038838	0.028789	0.000000	0.000000
2.153	0.832021	0.000536	-26316.240234	5.831694	1.119642	0.032078	0.000000	0.000000
2.157	0.830446	0.000538	-26247.578125	5.981371	1.173178	0.033688	0.000000	0.000000
2.161	0.826883	0.000557	-26157.269531	6.008038	1.178972	0.034020	0.000000	0.000000
2.166	0.823364	0.000583	-26081.236328	6.108222	1.213801	0.035630	0.000000	0.000000
2.170	0.814613	0.000646	-25938.669922	6.346451	1.305156	0.037600	0.000000	0.000000
2.174	0.810519	0.000684	-25881.630859	6.210162	1.244780	0.036122	0.000000	0.000000
2.179	0.806953	0.000819	-25790.693359	6.617916	1.408053	0.040875	0.000000	0.000000
2.183	0.805477	0.000689	-25707.570312	6.359424	1.295105	0.036335	0.000000	0.000000
2.187	0.804789	0.000712	-25663.785156	6.626890	1.400830	0.040200	0.000000	0.000000
2.191	0.795743	0.000743	-25529.552734	6.628011	1.395828	0.039791	0.000000	0.000000
2.196	0.793036	0.000694	-25458.367188	6.323229	1.265453	0.034339	0.000000	0.000000
2.200	0.779275	0.001127	-25300.685547	7.072407	1.576918	0.043795	0.000000	0.000000
2.204	0.777178	0.000908	-25222.283203	6.903715	1.496752	0.041921	0.000000	0.000000
2.209	0.777822	0.000842	-25172.556641	6.803055	1.447789	0.039621	0.000000	0.000000
2.213	0.767297	0.000968	-25026.279297	7.070747	1.557916	0.046971	0.000000	0.000000
2.217	0.755875	0.001328	-24905.744141	6.967676	1.506984	0.042828	0.000000	0.000000
2.221	0.752851	0.000923	-24825.308594	6.709721	1.392080	0.040185	0.000000	0.000000
2.226	0.742380	0.001352	-24713.232422	7.273172	1.629405	0.047126	0.000000	0.000000
2.230	0.732319	0.001046	-24552.636719	6.919114	1.468964	0.040674	0.000000	0.000000
2.234	0.706097	0.001757	-24383.484375	7.635087	1.781848	0.052084	0.000000	0.000000
2.239	0.711823	0.001818	-24319.820312	8.150967	2.023002	0.053858	0.000000	0.000000
2.243	0.704546	0.001451	-24209.402344	7.590831	1.747815	0.049349	0.000000	0.000000
2.247	0.702246	0.001465	-24134.695312	7.608357	1.749204	0.048015	0.000000	0.000000
2.251	0.705243	0.001226	-24058.121094	7.531775	1.707648	0.046706	0.000000	0.000000
2.256	0.657418	0.002008	-23801.863281	7.971244	1.905479	0.053973	0.000000	0.000000
2.260	0.582741	0.002755	-23530.537109	8.206287	2.011855	0.058535	0.000000	0.000000
2.264	0.602378	0.003249	-23482.863281	8.394374	2.097173	0.059552	0.000000	0.000000
2.269	0.631546	0.002044	-23429.976562	8.049171	1.920956	0.055653	0.000000	0.000000
2.273	0.522893	0.004578	-23025.455078	10.534488	3.277952	0.084195	0.000000	0.000000
2.277	0.299808	0.007944	-22767.216797	8.586729	2.169677	0.061632	0.000001	0.000000
2.281	0.243755	0.004136	-22434.712891	7.397190	1.604131	0.046030	0.000000	0.000000
2.286	0.134544	0.005020	-22255.375000	7.074427	1.461702	0.039986	0.000001	0.000000
2.290	0.194564	0.008613	-22253.423828	8.111156	1.914320	0.056462	0.000002	0.000000
2.294	0.436638	0.003498	-22382.130859	8.733211	2.210920	0.061452	0.000000	0.000000
2.299	0.119375	0.003962	-21883.324219	7.411870	1.586571	0.044428	0.000000	0.000000
2.303	0.340902	0.003414	-22066.013672	7.914711	1.802420	0.051918	0.000000	0.000000
2.307	0.141994	0.004175	-21733.607422	7.417520	1.577207	0.044412	0.000000	0.000000
2.311	0.109434	0.005658	-21700.509766	7.292595	1.518880	0.044352	0.000001	0.000000
2.316	0.125600	0.007564	-21554.312500	7.806440	1.734028	0.048397	0.000001	0.000000
2.320	0.022383	0.006044	-21400.662109	6.837377	1.325327	0.037584	0.000001	0.000000
2.324	0.096239	0.004367	-21382.035156	7.255525	1.486889	0.043290	0.000000	0.000000
2.329	0.062329	0.005094	-21149.195312	7.212542	1.463921	0.040289	0.000001	0.000000
2.333	0.225952	0.005245	-21232.087891	7.669095	1.649043	0.045933	0.000001	0.000000
2.337	0.112755	0.006015	-21057.113281	6.838260	1.306294	0.036894	0.000001	0.000000
2.341	0.064677	0.005765	-20936.191406	7.208638	1.446321	0.040429	0.000001	0.000000
2.346	0.097576	0.005551	-20904.343750	7.238999	1.453205	0.040348	0.000001	0.000000
2.350	0.022135	0.004756	-20719.500000	7.020245	1.361723	0.037937	0.000000	0.000000
2.354	0.064340	0.004356	-20664.388672	6.863225	1.296756	0.036155	0.000000	0.000000
2.359	0.035058	0.003459	-20490.158203	6.562269	1.181218	0.033167	0.000000	0.000000
2.363	0.019335	0.004322	-20460.525391	6.897038	1.300081	0.037031	0.000000	0.000000
2.367	0.009398	0.003693	-20334.539062	6.540470	1.164901	0.033598	0.000000	0.000000
2.371	0.006269	0.004232	-20215.917969	6.714349	1.223229	0.032824	0.000000	0.000000
2.376	0.028867	0.004209	-20192.324219	6.798772	1.249662	0.033387	0.000000	0.000000
2.380	0.027050	0.003364	-20095.013672	6.331934	1.080038	0.030413	0.000000	0.000000
2.384	0.036045	0.003346	-20025.662109	6.785565	1.235878	0.035291	0.000000	0.000000
2.389	0.079581	0.003275	-19960.431641	6.580431	1.158117	0.033747	0.000000	0.000000
2.393	0.016381	0.003369	-19878.634766	6.288401	1.053821	0.029437	0.000000	0.000000
2.397	0.002576	0.002873	-19775.771484	6.828855	1.238306	0.035105	0.000000	0.000000
2.401	0.016378	0.003941	-19701.437500	6.348576	1.066432	0.031052	0.000000	0.000000
2.406	0.017913	0.003984	-19623.810547	6.649353	1.165711	0.031820	0.000000	0.000000
2.410	0.017978	0.003212	-19551.722656	6.390827	1.073001	0.029558	0.000000	0.000000
2.524	0.001378	0.002045	-17789.966797	5.972525	0.854683	0.023603	0.000000	0.000000
2.637	0.003060	0.001521	-16422.925781	5.536831	0.672629	0.019184	0.000000	0.000000
2.751	0.000951	0.001181	-15317.697266	5.216721	0.548813	0.015295	0.000000	0.000000
2.864	0.003127	0.001039	-14355.042969	4.984294	0.462056	0.012850	0.000000	0.000000
2.978	0.000216	0.000949	-13539.639648	4.897483	0.412723	0.011428	0.000000	0.000000
3.091	0.000359	0.000855	-12821.903320	4.793509	0.366867	0.010500	0.000000	0.000000
3.205	0.000208	0.000838	-12183.046875	4.574635	0.310869	0.008529	0.000000	0.000000
3.319	0.000448	0.000736	-11609.822266	4.537080	0.285214	0.008140	0.000000	0.000000
3.432	0.000720	0.000700	-11094.897461	4.521053	0.264770	0.007596	0.000000	0.000000
3.546	0.000253	0.000663	-10633.105469	4.368748	0.231647	0.006569	0.000000	0.000000
3.659	0.000011	0.000624	-10201.597656	4.372681	0.217883	0.006210	0.000000	0.000000
3.773	0.000140	0.000590	-9816.053711	4.305829	0.198743	0.005617	0.000000	0.000000
3.886	0.000372	0.000589	-9457.692383	4.274251	0.184560	0.005246	0.000000	0.000000
4.000	0.000472	0.000551	-9127.498047	4.274720	0.174267	0.004938	0.000000	0.000000
