2.197265625000000000e-03
1.563720703125000000e-01
2.546386718750000000e-01
3.701171875000000000e-01
4.721679687500000000e-01
5.325927734375000000e-01
5.837402343750000000e-01
6.146240234375000000e-01
6.710205078125000000e-01
7.113037109375000000e-01
7.404785156250000000e-01
7.608642578125000000e-01
8.128662109375000000e-01
8.648681640625000000e-01
9.134521484375000000e-01
9.573974609375000000e-01
9.959716796875000000e-01
1.000000000000000000e+00
1.000000000000000000e+00
9.998779296875000000e-01
1.000000000000000000e+00
1.000000000000000000e+00
1.000000000000000000e+00
9.998779296875000000e-01
1.000000000000000000e+00
1.000000000000000000e+00
1.000000000000000000e+00
1.000000000000000000e+00
1.000000000000000000e+00
9.997558593750000000e-01
1.000000000000000000e+00
1.000000000000000000e+00
1.000000000000000000e+00
1.000000000000000000e+00
1.000000000000000000e+00
1.000000000000000000e+00
1.000000000000000000e+00
9.997558593750000000e-01
1.000000000000000000e+00
1.000000000000000000e+00
9.998779296875000000e-01
1.000000000000000000e+00
1.000000000000000000e+00
1.000000000000000000e+00
1.000000000000000000e+00
1.000000000000000000e+00
1.000000000000000000e+00
1.000000000000000000e+00
9.998779296875000000e-01
1.000000000000000000e+00
9.998779296875000000e-01
9.998779296875000000e-01
1.000000000000000000e+00
1.000000000000000000e+00
1.000000000000000000e+00
9.998779296875000000e-01
9.998779296875000000e-01
1.000000000000000000e+00
9.997558593750000000e-01
9.998779296875000000e-01
1.000000000000000000e+00
1.000000000000000000e+00
9.998779296875000000e-01
1.000000000000000000e+00
9.998779296875000000e-01
1.000000000000000000e+00
9.998779296875000000e-01
1.000000000000000000e+00
1.000000000000000000e+00
9.998779296875000000e-01
1.000000000000000000e+00
9.998779296875000000e-01
1.000000000000000000e+00
1.000000000000000000e+00
9.998779296875000000e-01
1.000000000000000000e+00
1.000000000000000000e+00
1.000000000000000000e+00
1.000000000000000000e+00
1.000000000000000000e+00
1.000000000000000000e+00
1.000000000000000000e+00
1.000000000000000000e+00
1.000000000000000000e+00
1.000000000000000000e+00
1.000000000000000000e+00
9.998779296875000000e-01
1.000000000000000000e+00
1.000000000000000000e+00
1.000000000000000000e+00
1.000000000000000000e+00
9.997558593750000000e-01
1.000000000000000000e+00
1.000000000000000000e+00
9.998779296875000000e-01
1.000000000000000000e+00
1.000000000000000000e+00
1.000000000000000000e+00
1.000000000000000000e+00
9.998779296875000000e-01
1.000000000000000000e+00
