2.587890625000000000e-02
7.128906250000000000e-02
1.352539062500000000e-01
1.503906250000000000e-01
1.601562500000000000e-01
1.772460937500000000e-01
1.748046875000000000e-01
1.762695312500000000e-01
1.899414062500000000e-01
1.909179687500000000e-01
2.001953125000000000e-01
2.045898437500000000e-01
2.226562500000000000e-01
2.314453125000000000e-01
2.358398437500000000e-01
2.358398437500000000e-01
2.529296875000000000e-01
2.661132812500000000e-01
2.724609375000000000e-01
2.758789062500000000e-01
2.958984375000000000e-01
2.944335937500000000e-01
2.924804687500000000e-01
3.022460937500000000e-01
3.217773437500000000e-01
3.242187500000000000e-01
3.339843750000000000e-01
3.408203125000000000e-01
3.535156250000000000e-01
3.540039062500000000e-01
3.608398437500000000e-01
3.608398437500000000e-01
3.706054687500000000e-01
3.750000000000000000e-01
3.837890625000000000e-01
3.876953125000000000e-01
3.945312500000000000e-01
4.033203125000000000e-01
4.165039062500000000e-01
4.238281250000000000e-01
4.321289062500000000e-01
4.418945312500000000e-01
4.526367187500000000e-01
4.609375000000000000e-01
4.814453125000000000e-01
4.882812500000000000e-01
4.926757812500000000e-01
5.024414062500000000e-01
5.024414062500000000e-01
5.126953125000000000e-01
5.185546875000000000e-01
5.224609375000000000e-01
5.356445312500000000e-01
5.405273437500000000e-01
5.473632812500000000e-01
5.512695312500000000e-01
5.625000000000000000e-01
5.737304687500000000e-01
5.839843750000000000e-01
5.957031250000000000e-01
6.000976562500000000e-01
6.044921875000000000e-01
6.083984375000000000e-01
6.162109375000000000e-01
6.147460937500000000e-01
6.201171875000000000e-01
6.240234375000000000e-01
6.333007812500000000e-01
6.406250000000000000e-01
6.464843750000000000e-01
6.494140625000000000e-01
6.586914062500000000e-01
6.625976562500000000e-01
6.679687500000000000e-01
6.723632812500000000e-01
6.748046875000000000e-01
6.757812500000000000e-01
6.855468750000000000e-01
6.923828125000000000e-01
6.948242187500000000e-01
7.099609375000000000e-01
7.236328125000000000e-01
7.294921875000000000e-01
7.397460937500000000e-01
7.495117187500000000e-01
7.529296875000000000e-01
7.592773437500000000e-01
7.651367187500000000e-01
7.719726562500000000e-01
7.783203125000000000e-01
7.827148437500000000e-01
7.890625000000000000e-01
7.963867187500000000e-01
8.002929687500000000e-01
8.066406250000000000e-01
8.164062500000000000e-01
8.261718750000000000e-01
8.325195312500000000e-01
8.359375000000000000e-01
8.403320312500000000e-01
8.457031250000000000e-01
